151339 85546 85546 85546 85546 85546 85546 85546 85546 85546 85546 85546 85546 85546 85546 85546 85546 85546 85546 85546 85546 85546 85546 85546 85546 85546 85546 85546 85546 85546 85546 85546 85546 85546 85546 85546 85546 85546 85546 85546 85546 85546 85546 85546 85546 85546 85546 85546 85546 85546 85546 85546 85546 85546 85546 85546 85546 85546 85546 85546 85546 85546 85546 85546 85546 85546 85546 85546 85546 85546 85546 85546 85546 85546 85546 151339
151339 85546 85546 85546 85546 85546 85546 85546 85546 85546 85546 85546 85546 85546 85546 85546 85546 85546 85546 85546 85546 85546 85546 85546 85546 85546 85546 85546 85546 85546 85546 85546 85546 85546 85546 85546 85546 85546 85546 85546 85546 85546 85546 85546 85546 85546 85546 85546 85546 85546 85546 85546 85546 85546 85546 85546 85546 85546 85546 85546 85546 85546 85546 85546 85546 85546 85546 85546 85546 85546 85546 85546 85546 85546 85546 151339
151339 85546 85546 85546 85546 85546 85546 85546 85546 85546 85546 85546 85546 85546 85546 85546 85546 85546 85546 85546 85546 85546 85546 85546 85546 85546 85546 85546 85546 85546 85546 85546 85546 85546 85546 85546 85546 85546 85546 85546 85546 85546 85546 85546 85546 85546 85546 85546 85546 85546 85546 85546 85546 85546 85546 85546 85546 85546 85546 85546 85546 85546 85546 85546 85546 85546 85546 85546 85546 85546 85546 85546 85546 85546 85546 151339
151339 85546 85546 85546 85546 85546 85546 85546 85546 85546 85546 85546 85546 85546 85546 85546 85546 85546 85546 85546 85546 85546 85546 85546 85546 85546 85546 85546 85546 85546 85546 85546 85546 85546 85546 85546 85546 85546 85546 85546 85546 85546 85546 85546 85546 85546 85546 85546 85546 85546 85546 85546 85546 85546 85546 85546 85546 85546 85546 85546 85546 85546 85546 85546 85546 85546 85546 85546 85546 85546 85546 85546 85546 85546 85546 151339
151339 85546 85546 85546 85546 85546 85546 85546 85546 85546 85546 85546 85546 85546 85546 85546 85546 85546 85546 85546 85546 85546 85546 85546 85546 85546 85546 85546 151082 85546 85546 85546 85546 85546 85546 85546 85546 151082 151082 85546 85546 85546 85546 85546 85546 85546 85546 151082 85546 85546 85546 85546 85546 85546 85546 85546 85546 85546 85546 85546 85546 85546 85546 85546 85546 85546 85546 85546 85546 85546 85546 85546 85546 85546 85546 151339
151339 85546 85546 85546 85546 85546 85546 85546 85546 85546 85546 85546 85546 85546 85546 85546 85546 85546 85546 85546 85546 85546 85546 85546 85546 85546 85546 85546 151081 85800 85801 85546 151081 85545 85546 85803 85803 85547 85803 85803 85803 85546 85546 151082 85545 85801 85545 151082 85546 85546 85546 85546 85546 85546 85546 85546 85546 85546 85546 85546 85546 85546 85546 85546 85546 85546 85546 85546 85546 85546 85546 85546 85546 85546 85546 151339
151339 85546 85546 85546 85546 85546 85546 85546 85546 85546 85546 85546 85546 85546 85546 85546 85546 85546 85546 85546 85546 85546 85546 85546 85546 85546 85546 85546 85802 20265 85801 85546 85548 85547 151082 151082 151082 151082 151082 151082 151082 151082 85548 85548 85546 85800 20265 85802 85546 85546 85546 85546 85546 85546 85546 85546 85546 85546 85546 85546 85546 85546 85546 85546 85546 85546 85546 85546 85546 85546 85546 85546 85546 85546 85546 151339
151339 85546 85546 85546 85546 85546 85546 85546 85546 85546 85546 85546 85546 85546 85546 85546 85546 85546 85546 85546 85546 85546 85546 85546 85546 85546 85546 85546 151082 151083 85546 151081 151080 85802 85546 151081 151081 151082 151082 151081 151081 85546 85546 151080 151081 85546 151083 151083 85546 85546 85546 85546 85546 85546 85546 85546 85546 85546 85546 85546 85546 85546 85546 85546 85546 85546 85546 85546 85546 85546 85546 85546 85546 85546 85546 151339
151339 85546 85546 85546 85546 85546 85546 85546 85546 85546 85546 85546 85546 85546 85546 85546 85546 85546 85546 85546 85546 85546 85546 85546 85546 85546 85546 85546 151081 85546 151084 544811 1332780 2318129 3303993 4223805 4946240 5274691 5274691 4946240 4289341 3303993 2318130 1332780 544811 151339 151082 151082 85546 85546 85546 85546 85546 85546 85546 85546 85546 85546 85546 85546 85546 85546 85546 85546 85546 85546 85546 85546 85546 85546 85546 85546 85546 85546 85546 151339
151339 85546 85546 85546 85546 85546 85546 85546 85546 85546 85546 85546 85546 85546 85546 85546 85546 85546 85546 85800 20267 85548 85546 85802 20267 151081 151081 216617 1004844 3040822 5931078 8559191 10268006 11121514 11187305 10793319 10464869 10201956 10267493 10464870 10793575 11121768 11056232 10202470 8559190 5931076 2975542 939308 216617 85546 151082 85803 85802 85546 85547 20267 85800 85546 85546 85546 85546 85546 85546 85546 85546 85546 85546 85546 85546 85546 85546 85546 85546 85546 85546 151339
151339 85546 85546 85546 85546 85546 85546 85546 85546 85546 85546 85546 85546 85546 85546 85546 85546 85546 85546 85547 85545 85801 85547 151083 151081 479273 2514992 6325321 9873249 10990954 10005347 7836754 5471040 3631413 2514479 1857579 1529386 1463336 1463592 1594922 1857579 2514478 3631414 5470783 7902033 10070626 11056490 9938528 6325322 2449713 544810 216617 85547 85547 85801 85545 85547 85546 85546 85546 85546 85546 85546 85546 85546 85546 85546 85546 85546 85546 85546 85546 85546 85546 85546 151339
151339 85546 85546 85546 85546 85546 85546 85546 85546 85546 85546 85546 85546 85546 85546 85546 85546 85546 85546 85547 85802 151081 151081 610089 3171895 7705688 10990443 10070626 6522442 3302449 1463336 1529393 3041095 5012833 6919037 8561812 9744546 10336169 10336425 9744802 8561812 6919038 5012834 2975559 1464114 1463336 3302449 6588234 10070626 10924907 7771223 3106359 610089 151080 151081 85803 85547 85546 85546 85546 85546 85546 85546 85546 85546 85546 85546 85546 85546 85546 85546 85546 85546 85546 85546 151339
151339 85546 85546 85546 85546 85546 85546 85546 85546 85546 85546 85546 85546 85546 85546 85546 85546 85546 85545 151081 85801 217129 2252079 7245649 10990955 9282395 4748346 1594665 1726516 4815712 9087898 12571336 14674916 15529457 15463408 14872040 14280415 14017499 14017501 14280416 14872039 15397870 15529455 14740452 12571593 9153435 4881249 1726772 1594665 4748089 9217114 10991211 7245649 2252334 217130 85802 151081 85546 85546 85546 85546 85546 85546 85546 85546 85546 85546 85546 85546 85546 85546 85546 85546 85546 85546 151339
151339 85546 85546 85546 85546 85546 85546 85546 85546 85546 85546 85546 85546 85546 85546 85546 85546 85546 85546 85548 807468 5011777 10399847 9873762 4682298 1528870 2778437 7970186 13031373 15266796 14806502 12440261 9088153 6064498 4092503 2844231 2121790 1990202 1990203 2187326 2778695 4026710 5998448 9022104 12243140 14674917 15332076 13097166 8035723 2909509 1397798 4682554 9939298 10399848 5011777 807469 85547 85546 85546 85546 85546 85546 85546 85546 85546 85546 85546 85546 85546 85546 85546 85546 85546 85546 85546 151339
151339 85546 85546 85546 85546 85546 85546 85546 85546 85546 85546 85546 85546 85546 85547 85547 85546 85546 151082 1727279 7705429 11187561 6588233 1725993 2515265 8561812 14214366 15463663 12440520 7707528 3435343 1004592 150820 85027 19492 19749 19493 85029 85029 19493 19749 19493 85029 150821 939056 3172684 7444611 12177860 15332333 14279646 8496276 2515265 1791529 6588232 11187561 7705430 1727024 151082 151081 85801 85801 85546 85546 85546 85546 85546 85546 85546 85546 85546 85546 85546 85546 85546 85546 151339
151339 85546 85546 85546 85546 85546 85546 85546 85546 85546 85546 85546 85546 85546 85547 85294 151082 216871 2646579 9348192 10333283 3894328 1397550 6064496 13163473 15398127 11585980 5342313 1530166 281639 85029 19749 215844 85029 19493 19493 19493 19493 19493 19493 19493 19493 85029 150309 19493 85029 281638 1398324 5144679 11388346 15332334 13163475 6064753 1397550 3960121 10333283 9348191 2646580 216870 151081 85549 85546 85546 85546 85546 85546 85546 85546 85546 85546 85546 85546 85546 85546 85546 151339
151339 85546 85546 85546 85546 85546 85546 85546 85546 85546 85546 85546 85546 85546 85545 151081 216876 3237943 10202212 9018969 2448684 2449725 9942436 15201005 12834508 5801582 1135922 150565 150565 19493 19749 19749 19749 19749 19493 19493 19493 19493 19493 19493 19493 19493 19749 19749 19493 85029 85029 150564 150564 1135665 5604204 12702923 15201005 9942436 2449726 2448684 9018969 10202213 3237944 216876 151082 85546 85546 85546 85546 85546 85546 85546 85546 85546 85546 85546 85546 85546 85546 151339
151339 85546 85546 85546 85546 85546 85546 85546 85546 85546 85546 85546 85546 85546 151081 216871 3303480 10792550 8296532 1660713 3632976 12374471 15069419 9087896 2186557 216101 19748 19750 19750 19493 85029 85029 85029 19493 19493 19493 19493 19493 19493 19493 19493 19493 19493 85029 85029 85029 85029 19749 19748 19747 216100 2055226 8890773 15069163 12440264 3698512 1660714 8296533 10727014 3237943 216871 151082 85546 85546 85546 85546 85546 85546 85546 85546 85546 85546 85546 85546 85546 151339
151339 85546 85546 85546 85546 85546 85546 85546 85546 85546 85546 85546 85546 85546 151082 2711859 10202213 8296533 1660714 4618590 13557716 14083549 5933167 741676 85028 85028 19749 19492 85028 85029 19493 19749 85028 19493 19493 19493 19493 19493 19493 19493 19493 19493 19493 85029 19493 19749 19493 85029 19493 19749 150565 85028 741675 5867119 14017757 13623253 4618590 1660714 8296533 10202212 2712115 151081 85546 85546 85546 85546 85546 85546 85546 85546 85546 85546 85546 85546 85546 151339
151339 85546 85546 85546 85546 85546 85546 85546 85546 85801 85547 85547 151080 85803 1727278 9479009 9018969 1660712 4487773 13951964 13426131 4355418 478247 479016 610090 478760 215846 85029 150565 85029 19493 19748 19747 19493 19493 19493 19493 19493 19493 19493 19493 19493 19493 19748 19493 19493 85028 85028 150308 216102 544296 610346 479016 543783 4355161 13360594 13886684 4487773 1726248 9018969 9348192 1727278 85547 151080 85547 85547 85801 85546 85546 85546 85546 85546 85546 85546 85546 151339
151339 85546 85546 85546 85546 85546 85546 85546 85546 20267 85545 85802 85802 807468 7639893 10333029 2448684 3567440 13557717 13688534 5143911 4750177 8037004 10467240 11059121 10205096 8102286 4881764 1989180 347174 19748 85028 85029 19493 19493 19493 19493 19493 19493 19493 19493 19493 19493 85030 85028 19747 347174 1923899 4882020 8102286 10205096 11059122 10336167 7971468 4684384 5209190 13753814 13623253 3632977 2448684 10267493 7705429 807468 85802 85802 85545 20267 85546 85546 85546 85546 85546 85546 85546 85546 151339
151339 85546 85546 85546 85546 85546 85546 85546 85546 85547 85801 151081 216873 5011777 11187561 4025398 2318655 12374725 15528432 10729903 12571593 15660272 16580091 16646142 16646142 16711678 16580092 15791859 13491413 8299665 2647621 412966 85028 19493 19493 19493 19493 19493 19493 19493 19493 19493 19493 85028 412966 2647621 8365458 13491413 15792115 16580092 16711678 16646143 16580606 16514555 15660272 12571337 10729647 15463152 12440005 2318655 3960118 11253098 5011777 216873 151081 85801 85547 85546 85546 85546 85546 85546 85546 85546 85546 151339
151339 85546 85546 85546 85546 85546 85546 85546 85546 85546 85547 150825 2252335 10399847 6588233 1397804 9942436 16448762 16120311 16054775 16645886 16646142 16711679 16711679 16777215 16777215 16777215 16777215 16646143 16448507 14017243 7248002 1333300 85029 19493 19493 19493 19493 19493 19493 19493 19493 85029 1399092 7313794 14083035 16448508 16645887 16777215 16777215 16777215 16777215 16776959 16711423 16645887 16645886 16054775 16054775 16448762 9876901 1332268 6587976 10334311 2186543 150825 85547 85546 85546 85546 85546 85546 85546 85546 85546 85546 151339
151339 85546 85546 85546 85546 85546 85546 85546 85546 85802 151083 610090 7245649 9939041 1725993 5933428 15594993 16776958 16645885 16645885 16711422 16711677 16777214 16777214 16777213 16711678 16711679 16777215 16776958 16645886 16711422 16054519 11059893 2975304 150566 85029 19493 19493 19493 19492 19493 150822 3106633 11191221 16054774 16711423 16711422 16776958 16777215 16711679 16711678 16777213 16777214 16711678 16646142 16711422 16711421 16711420 16776957 15529457 5933427 1725993 9873505 7180113 610089 151083 85546 85546 85546 85546 85546 85546 85546 85546 85546 151339
151339 85546 85546 85546 85546 85546 85546 85546 85546 85803 151081 3106359 10991211 4682298 2449472 13163218 16645630 16711678 16777214 16776958 16776958 16777214 16777215 16777215 16777214 16711679 16711679 16777214 16777215 16777215 16777215 16777215 16580348 13163216 4159322 281638 19491 19494 85029 85028 347430 4225115 13294545 16580349 16777215 16777215 16777215 16711679 16711679 16776959 16711679 16777214 16777215 16777215 16711678 16776958 16776958 16776958 16711678 16645886 13228753 2515265 4682299 10991211 3106358 151081 20267 85546 85546 85546 85546 85546 85546 85546 85546 151339
151339 85546 85546 85546 85546 85546 85546 85546 85546 151081 544555 7705431 9151578 1397799 8430480 16317689 16711423 16776958 16711678 16646143 16646142 16449277 16251897 16186104 16449020 16711677 16711678 16711678 16777214 16777215 16777215 16777215 16777214 16645629 13951963 4618334 150821 85028 85029 216359 4815456 14083292 16645886 16777215 16777215 16777215 16777215 16777215 16711679 16711679 16711678 16449020 16186104 16251897 16514813 16646142 16646143 16711679 16777215 16711423 16252154 8430481 1463078 9217114 7705687 479273 151082 85546 85546 85546 85546 85546 85546 85546 85546 151339
151339 85546 85546 85546 85546 85546 85546 85546 85546 85547 2449712 10924908 4682809 2778436 14148829 16645887 16580607 16711421 16120055 13886169 10730670 7707270 5801839 5539436 7181952 10928047 14806246 16580093 16776959 16777215 16777215 16777215 16777215 16776959 16645886 13491924 3041866 150563 85284 3173197 13688791 16645886 16777215 16777215 16777215 16777215 16777215 16776959 16514557 14740710 10927792 7181953 5473901 5801839 7641735 10730670 13820633 16054774 16711421 16515071 16645886 14148828 2712900 4682809 10924906 2515249 151082 85546 85546 85546 85546 85546 85546 85546 85546 151339
151339 85546 85546 85546 85546 85546 85546 85546 85546 216616 6259784 10005091 1529130 7904649 16317947 16711165 15528943 11651257 6064497 2252606 675370 216102 85029 84773 150566 675883 3633492 11256759 16185848 16777215 16777215 16777215 16777215 16777215 16646143 16514555 9219226 347687 413481 9351070 16514813 16580607 16777215 16777215 16777215 16777215 16777215 16251640 11257015 3633491 675883 150565 85029 85029 216102 675370 2187070 6064497 11651001 15594479 16711166 16317946 7839114 1529129 10070882 6325321 216617 85546 85546 85546 85546 85546 85546 85546 85546 151339
151339 85546 85546 85546 151082 151081 85802 85546 151081 1004843 9938530 6587978 1660980 12965838 16186102 13161676 7903367 5012322 3764307 1332531 20005 19749 85030 85029 85028 85028 215845 1726261 9482655 16120311 16711679 16711679 16777215 16711678 16776959 16711422 11585723 807214 807471 11651774 16646143 16711423 16777214 16777215 16777215 16646143 16120311 9548191 1726517 150565 150564 85028 150565 85029 19749 85285 1332532 3764052 5012323 7903368 13096141 16251639 12965838 1660979 6588234 9873249 1004844 151082 85547 85802 151082 151082 85546 85546 85546 151339
151339 85546 85546 85546 85545 85800 20265 85546 151082 3106358 10990955 3237169 4815711 15594994 16185334 14476511 14740453 15529199 15201005 10403246 1333044 85029 85030 19749 19493 19749 85285 85029 1267508 9877156 16317432 16711423 16646142 16711678 16777215 16645886 10468268 609834 610090 10665646 16711678 16711679 16711677 16711678 16711423 16317433 9811364 1267252 85029 19749 19749 19493 19493 19749 19492 1398580 10337710 15201004 15529455 14674917 14410975 16185077 15594993 4750175 3237169 10990955 3106614 151082 151083 20265 85546 85546 85546 85546 85546 151339
151339 85546 85546 85546 85546 85801 85801 151082 151083 5996358 10005348 1398056 9021849 16514555 16711423 16580350 16645887 16776703 16776959 15003112 3238477 150309 19749 19749 84774 150564 85284 85029 215845 1727288 11322550 16449020 16711423 16711423 16646143 16120567 6459513 150564 150564 6722428 16186360 16646143 16711423 16711423 16514556 11322551 1792825 150566 84773 150564 85028 19494 19493 19749 150565 3238476 15003111 16776958 16776703 16645887 16580350 16711422 16514812 9021848 1398055 10005348 5996614 151339 85545 85800 85801 85546 85546 85546 85546 151339
151339 85546 85546 85546 20266 85546 85546 151081 545067 8559192 7902034 1529393 12374472 16711421 16776958 16777215 16777215 16711423 16646142 13622999 1989949 85285 19749 85028 85284 150565 281894 150565 150564 150565 2647110 12308934 16580092 16645886 16449020 12702409 2055486 84773 150309 2121535 12834251 16449275 16645886 16580092 12440007 2712647 150565 150564 85028 216101 150565 85029 85029 19493 85285 1989949 13623254 16646142 16711423 16776959 16777215 16776958 16711421 12440007 1529392 7902034 8559192 545067 151080 85546 85546 85546 85546 85546 85546 151339
151339 85546 85546 85546 85546 85545 85548 151080 1398316 10268007 5536318 2910020 14674661 16711421 16777215 16711679 16777215 16711679 16580348 9416862 478504 19749 85030 19749 281638 4815971 9811878 3829842 85285 85029 150821 2844744 9680291 10599853 7576967 2778438 150566 85284 85284 150822 2844231 7576966 10600109 9680547 2910024 150821 85028 85028 1989691 9088924 6919551 741163 19749 150309 85284 413224 9482400 16580348 16711679 16777215 16777215 16776959 16711421 14740197 2975557 5536318 10268007 1332780 151080 85548 151082 85546 85546 85546 85546 151339
151339 85546 85546 85546 85546 85545 85547 85545 2318129 11121514 3565875 4881505 15923187 16711421 16711423 16580607 16711423 16711423 15528942 4355673 85284 85029 281896 347687 937773 11126199 16448764 8037006 150564 150565 85284 150565 281895 281895 85029 19493 85028 19748 19748 19492 19493 85029 282151 281895 150565 85284 85029 85029 4421725 15726579 14279902 2252606 347687 412966 150819 215845 4421467 15528943 16711423 16711422 16646143 16711423 16711422 15988724 4946785 3565878 11121769 2252593 151338 85548 85546 85546 85546 85546 85546 151339
151339 85546 85546 85546 85546 85546 151082 85802 3303992 11121768 2449197 6787708 16449019 16711678 16711679 16646142 16776959 16711423 12571336 1464115 2252862 6327413 9482656 9943464 8167052 11913406 15989238 5802095 85282 281378 150563 19749 85029 19493 19493 19493 19493 19493 19493 19493 19493 19493 19493 85029 19749 216099 281378 85283 2844231 14478050 14016732 7838599 9811362 9811620 7313540 3238735 1792053 12702665 16645886 16777214 16711678 16776959 16777214 16449019 6787452 2448943 11121768 3303992 85546 151082 85547 85546 85546 85546 85546 151339
151339 85546 85546 85546 85546 85803 151082 151081 4289341 10793319 1857578 8496018 16711678 16711677 16646143 16711422 16711423 16580349 8627860 3764050 12243652 10928820 8628116 10336682 14937575 16054773 12900300 1989691 741933 2581828 2318656 479017 85028 19492 19493 19493 19493 19493 19493 19493 19493 19493 19492 19492 479018 2384193 2516293 676396 741419 9811108 16054775 15463663 11651002 8627859 10205353 12638155 6393205 8824983 16580349 16711423 16711422 16711679 16777214 16645886 8364946 1857579 10793319 4223549 151081 151082 85803 85546 85546 85546 85546 151339
151339 85546 85546 85546 85546 85803 151082 151081 4946240 10399588 1594666 9547678 16711678 16777213 16711679 16776959 16711679 16054774 5538410 7050623 13097167 2120510 150307 544298 4947301 9351327 4289881 1200945 9153691 14280929 13886683 7051136 544553 19493 19493 19493 19493 19493 19493 19493 19493 19493 19492 544553 7116929 13952475 14280928 9022104 1069615 2384450 8956569 6721916 1135667 150564 1003309 10139046 10797492 6063984 16120310 16711423 16776959 16711679 16777213 16646143 9547679 1594665 10399334 4946240 151081 151082 85803 85546 85546 85546 85546 151339
151339 85546 85546 85546 151082 85803 151082 151082 5274690 10136675 1594152 10139301 16580606 16777214 16777214 16777215 16711679 15463406 3960916 2909768 12308935 9811363 4158294 2187584 1727031 806444 216357 4355675 13755610 7904394 11059635 14543585 4421468 85030 19493 19493 19493 19493 19493 19493 19493 19493 85286 4552798 14543585 10928050 7904394 13821145 4355418 150821 544297 1398324 2121533 3304525 8102028 13229008 5473129 4157782 15528943 16711679 16777215 16776959 16711677 16646143 10139302 1528871 10136676 5274690 151082 151082 85547 151082 85546 85546 85546 151339
151339 85546 85546 85546 151082 85803 151081 151081 5274690 10136420 1528615 10073766 16580607 16711677 16776959 16777214 16646143 15266027 3435342 216101 3107147 10665904 14214878 14280416 13360340 7576198 806954 7313282 11914433 1069871 1792567 11519932 12571593 3041610 347174 19748 150309 85029 19493 19493 85028 347174 3107404 12637386 11388346 1661238 1201199 11914947 7247233 281638 5079399 12637129 14214622 14346464 12177860 5013091 478761 3501135 15266284 16646143 16777214 16777214 16711678 16580606 10073765 1528872 10202211 5274690 151081 151081 85547 151082 85546 85546 85546 151339
151339 85546 85546 85546 85546 85803 151081 151080 4946240 10399334 1594665 9547679 16646143 16777213 16777215 16776959 16711679 15528943 3895636 20003 150564 1070128 4684126 12177089 16055031 12834764 2384192 8036494 14871527 7049854 2647622 5406311 15594735 13425875 5933168 347944 150564 19749 19749 19494 347945 5999217 13557205 15529199 5274982 2713158 7050111 14871783 7970444 1003821 10337964 15857651 14279900 6392693 1596217 216102 85029 3895637 15528943 16711679 16777215 16777215 16777214 16646142 9547678 1594666 10399333 4946240 151080 151081 85803 85546 85546 85546 85546 151339
151339 85546 85546 85546 85546 85803 151082 151080 4223549 10793575 1857580 8495762 16645886 16777214 16711679 16776959 16777215 16120566 5538666 85028 150564 85285 85285 3435854 13360338 5538154 544554 7510404 16383996 16186361 13689303 6785909 14674404 16645886 12308934 1135409 85028 19748 19749 19494 1201201 12440519 16711422 14608612 6720373 13820632 16120825 16514813 7444355 347174 3303246 12703436 6327669 281639 85029 150564 85028 5538667 16120566 16776959 16776959 16711679 16777214 16646142 8496018 1857579 10793575 4223548 151080 151082 85803 85546 85546 85546 85546 151339
151339 85546 85546 85546 85546 85546 151083 85546 3303993 11187304 2448943 6787452 16449019 16777214 16711679 16777214 16711679 16580349 8824469 347175 19749 85285 150309 544298 10337193 8562835 412967 6130032 16317689 16711679 16645885 14674145 15988725 16645886 11651259 872493 85028 150565 85029 85029 872749 11848124 16645886 15988725 14739681 16645885 16711679 16317690 6064240 150820 5340775 12703178 1923641 85028 150564 150564 281895 8824982 16645885 16711679 16776958 16711679 16777214 16449019 6787708 2449197 11187048 3303993 85546 151083 85546 85546 85546 85546 85546 151339
151339 85546 85546 85546 85546 85546 85548 85547 2318130 11121513 3500341 4881505 15857651 16777215 16711679 16514555 16514812 16711422 12703179 1333044 19748 19749 85029 150565 6721914 11652285 938800 4224346 15726065 16711678 16776959 16645887 16580350 16580092 8364943 216613 281639 1989950 2187070 412968 282405 8692881 16580092 16645886 16711422 16776959 16777214 15660528 4158808 216101 8299663 10468781 413225 85285 19749 85029 1464117 12768715 16711421 16514811 16514555 16711679 16711677 15857651 4815968 3500596 11121514 2318130 85546 85548 85546 85546 85546 85546 85546 151339
151339 85546 85546 85546 85546 85546 85548 151080 1398316 10202471 5471037 2910022 14674661 16645886 15002856 7904392 8627600 11716797 14017756 5078883 150565 150565 19749 85029 4684894 12309448 1333044 2318144 14017756 16711679 16711679 16777215 16776959 15003370 3895892 413222 5538410 13360853 13689304 6195570 544551 4092759 15200491 16777215 16711679 16711679 16711422 14017242 2121790 281639 9417118 8496531 215845 19749 85029 150565 5144675 14018012 11716541 8561810 7904395 15002857 16645884 14674405 2910020 5471038 10202471 1332780 151080 85548 151082 85546 85546 85546 85546 151339
151339 85546 85546 85546 20266 85546 85546 151081 545067 8559192 7902033 1463856 12374471 16711420 12899784 3237963 9680291 9942182 7443584 5144420 347687 85284 19749 85030 3764306 12440265 1661752 741420 10666161 16646142 16777214 16711679 16514813 10008487 938286 4815970 14477794 16711165 16711165 14937831 5538667 1069616 10205609 16514813 16777215 16777214 16580350 10599854 675884 413481 10205609 7116161 84773 19749 85284 347431 5078884 7377792 9942181 9745827 3172427 12833993 16711421 12374471 1463855 7902033 8559191 544811 151081 85546 85546 85546 85546 85546 85546 151339
151339 85546 85546 85546 85546 85801 85800 85545 151339 5996613 10005348 1398055 9021848 16514555 15200235 4946532 2318655 8496784 13097682 9613729 2975047 281894 150565 85286 2713157 12374985 2384448 85029 5670510 15857651 16776957 16711421 14477537 3435597 3369294 13557463 16515071 16776959 16711423 16711678 14083293 4026453 3501391 14477794 16776957 16776958 15791858 5538923 85030 807469 11191991 5539180 85029 150565 281894 2975303 9613729 13097679 8496786 2384191 4946786 15200235 16514556 9021848 1398055 10005346 5996612 151339 85545 85800 85801 85546 85546 85546 85546 151339
151339 85546 85546 85546 85546 85546 20265 151083 85546 3106613 10990955 3237168 4749919 15332077 15660015 13557203 4356187 741417 4420954 11914688 13294545 5407338 544297 85284 1464629 11849154 3567696 19492 1595703 12703177 16711422 16514556 8825237 1661239 11322808 16580094 16777214 16777215 16711679 16777214 16645885 12176835 2252094 8956311 16580348 16711422 12571848 1530421 84775 1464373 11849153 3633234 85283 544298 5407339 13294545 11914688 4420955 741165 4356187 13622739 15594225 15266542 4749918 3237425 10990954 3040821 151082 151083 20265 85546 85546 85546 85546 85546 151339
151339 85546 85546 85546 151082 151082 85802 151083 151082 1004844 9938530 6522698 1595700 12637642 12965069 15725552 14214878 5275750 412712 1989949 9679778 14149856 6590586 740906 544552 9219997 5013348 85029 281380 6590840 16120311 15200235 3632977 6787963 15988981 16645886 16776958 16645887 16711167 16645885 16645886 16251640 7773577 3895379 15265771 16054519 6459512 150565 85030 2450242 10797747 1595958 675624 6656378 14215392 9679780 1989949 412967 5275751 14214878 15725551 12899533 12702923 1661233 6588235 9807714 1004843 151082 151083 85802 151082 151082 85546 85546 85546 151339
151339 85546 85546 85546 85546 85546 85546 85546 85546 216872 6325322 10005091 1529130 7838856 13294290 11584441 16317689 14346465 5013092 281894 1332274 9022105 14609378 6656122 479017 4159320 4816737 150565 85028 1661238 12243142 12899787 2908997 12900045 16185590 12374213 12703435 15791600 15857651 13031630 12308163 15988725 13623256 3434828 12900300 12308678 1661238 19749 85285 2648134 6131315 741164 6656379 14609379 9021849 1332274 282149 5013348 14346465 16317689 11649977 13294291 7838857 1529128 10070883 6325321 216617 85546 85546 85546 85546 85546 85546 85546 85546 151339
151339 85546 85546 85546 85546 85546 85546 85546 85546 85801 2449969 10990444 4813626 2712644 13361110 9152408 13293775 16580350 13951963 3830100 150565 1332530 10073765 14609379 5210214 610090 1004589 85028 85030 150821 5079398 9811876 4683357 15529457 13819608 2711107 1398324 5801580 6065267 1595191 2186045 13228496 15923446 5537897 9812389 5210471 150820 19748 19493 610603 1069612 5275751 14674918 10007974 1266994 150820 3895891 14017499 16580350 13293774 9152407 13426645 2712900 4682812 10925161 2515247 150828 85546 85546 85546 85546 85546 85546 85546 85546 151339
151339 85546 85546 85546 85546 85546 85546 85546 85546 151081 544809 7770968 9216859 1332263 8364946 13031629 6918269 15068649 16580349 12308933 2056254 150564 2055998 12308677 13294802 2647108 85284 19493 19750 150564 807469 4225626 5144164 15923702 15726066 10402218 6064497 1398324 1135410 5670508 10074021 15594478 16186618 5998961 4356699 807469 150563 85029 85029 85541 2778180 13294802 12177347 2055997 85284 2121792 12439751 16645629 15002856 6983805 13097421 8430480 1463079 9217116 7705685 479274 151082 85546 85546 85546 85546 85546 85546 85546 85546 151339
151339 85546 85546 85546 85546 85546 85546 85546 85546 20267 151081 3040823 10991211 4682298 2449728 12900557 9153179 7575684 15594737 16382970 9416863 741677 216101 4421469 14740710 9613985 741420 19749 85029 85027 85285 347687 2187326 12900301 16514556 16645886 15923445 8233615 7313283 15791857 16645629 16514557 13557205 2712900 347688 85286 150563 19750 150563 610603 9745059 14674917 4158810 150565 806956 9482399 16382971 15594736 7575683 9218971 12900557 2383936 4682298 10991209 3106359 151082 20266 85546 85546 85546 85546 85546 85546 85546 85546 151339
151339 85546 85546 85546 85546 85546 85546 85546 85546 85802 151083 544809 7180113 9939041 1660711 5998703 14017757 5472617 8561809 15857908 15331822 4619103 150564 544298 9679521 14806502 3699028 85028 19749 19492 19749 19493 150822 3304013 10599855 14412003 14871783 9613728 8824982 14806246 14477796 10928821 3764051 216102 19749 19749 19493 19749 150564 3633492 14872040 9613473 478763 150307 4684639 15397614 15857652 8496272 5538154 14017757 5998703 1660457 9873761 7180112 610090 151083 85802 85546 85546 85546 85546 85546 85546 85546 85546 151339
151339 85546 85546 85546 85546 85546 85546 85546 85546 85546 85547 151081 2252335 10399847 6588233 1201197 9811105 12571336 3434570 8299406 15134956 9680806 412967 216099 4552797 15529456 8167822 281638 19749 19493 19493 19493 19493 85283 2646851 10205096 9744289 6655608 6392949 9546910 10468011 3304012 85283 19493 19493 19493 19493 19749 347174 8102286 15529458 4552798 85284 412967 9943207 15134956 8102540 3500106 12571336 9811105 1201197 6588233 10399847 2186543 150825 85547 85546 85546 85546 85546 85546 85546 85546 85546 85546 151339
151339 85546 85546 85546 85546 85546 85546 85546 85546 85547 85801 85545 217129 5011777 11122282 4090681 2383934 12046275 10205866 2186044 4355932 4553822 281893 85027 2910280 15003113 10600111 413225 85029 19493 19493 19493 19493 19749 1267509 9416607 14215136 15529199 15529455 14412258 10139817 1793083 85028 19493 19493 19493 19493 19493 478761 10600112 15003114 2910024 150563 347429 4685151 4290139 2120507 10271146 12111811 2383933 4090936 11056745 5011777 216873 151081 85801 85547 85546 85546 85546 85546 85546 85546 85546 85546 151339
151339 85546 85546 85546 85546 85546 85546 85546 85546 20267 85545 85802 85802 807468 7770964 10333027 2317614 3632465 12966608 10074281 2449985 347171 216101 216104 5736047 15857396 8759445 216358 19749 19493 19493 19493 19493 85284 19748 610347 2975304 5539178 5670508 3172683 741677 85028 85284 19493 19493 19493 19493 19749 216358 8759189 15857396 5735790 281383 216101 347428 2450241 10205096 13032143 3632466 2317614 10333283 7770965 807468 85802 85802 85545 20267 85546 85546 85546 85546 85546 85546 85546 85546 151339
151339 85546 85546 85546 85546 85546 85546 85546 85546 85801 85547 85547 151080 85547 1727278 9348448 9019226 1791530 4487259 13623769 13491410 8364945 5472875 7313024 13754841 13032402 2976074 216100 19749 19493 19493 19493 19493 85029 85029 19748 150308 85029 85029 150309 85284 85285 85285 19493 19493 19493 19493 85285 216099 2976074 13032146 13689048 7313023 5472619 8430483 13491667 13558232 4487515 1791529 9018970 9348193 1727023 85803 151080 85547 85547 85801 85546 85546 85546 85546 85546 85546 85546 85546 151339
151339 85546 85546 85546 85546 85546 85546 85546 85546 85546 85546 85546 85546 85546 151081 2712115 10202469 8362069 1594922 4487261 13557716 16382971 15923445 13886169 9876644 3107404 150822 85028 85029 19493 19493 19493 85029 19493 19493 19493 19493 19493 19493 19493 19493 19493 19493 85029 19493 19493 19493 85029 85027 216357 3107148 9876644 13820633 15857910 16383227 13492180 4487517 1595177 8362069 10202213 2646323 151081 85546 85546 85546 85546 85546 85546 85546 85546 85546 85546 85546 85546 85546 151339
151339 85546 85546 85546 85546 85546 85546 85546 85546 85546 85546 85546 85546 85546 151081 216870 3303224 10792550 8296533 1791529 3567184 12374214 16186105 11913407 3237707 216357 150562 85028 85029 19493 85029 85029 85029 19493 19493 19493 19493 19493 19493 19493 19493 19493 19493 85029 85029 85029 19493 85029 85028 150306 216357 3237707 11913407 16251897 12440005 3567439 1791529 8296533 10727013 3303479 216870 151081 85546 85546 85546 85546 85546 85546 85546 85546 85546 85546 85546 85546 85546 151339
151339 85546 85546 85546 85546 85546 85546 85546 85546 85546 85546 85546 85546 85546 85801 85545 216876 3237944 10202213 8888155 2383402 2318653 9876644 15332335 13426133 6196084 1267250 150564 85285 19493 19493 19749 19749 19749 19493 19493 19493 19493 19493 19493 19493 19493 19749 19749 19749 19493 19749 85285 216102 1267250 6261876 13426133 15397869 10007972 2384191 2383147 8953690 10202212 3237943 216876 151081 85545 85546 85546 85546 85546 85546 85546 85546 85546 85546 85546 85546 85546 85546 151339
151339 85546 85546 85546 85546 85546 85546 85546 85546 85546 85546 85546 85546 85546 85546 85293 151082 216871 2646323 9413726 10398564 4025400 1332268 5998960 13228753 15594735 11717053 5407337 1398580 281638 85285 19493 215845 84773 19493 19493 19493 19493 19493 19493 19493 19493 84773 215845 19493 85285 281637 1464373 5407337 11782846 15594735 13228753 5998706 1332269 4025399 10398564 9479009 2646323 216871 151082 85549 85546 85546 85546 85546 85546 85546 85546 85546 85546 85546 85546 85546 85546 85546 151339
151339 85546 85546 85546 85546 85546 85546 85546 85546 85546 85546 85546 85546 85546 85546 85546 85546 151082 151082 1727023 7770965 11187562 6588233 1725736 2449726 8365202 14083294 15332589 12374468 7575684 3435342 1070129 216102 85029 85029 19493 19493 85029 19493 19493 19493 85029 85029 216102 1070129 3435343 7510404 12374469 15398125 14083293 8365202 2449727 1726247 6522697 11187562 7770965 1727278 151082 151082 85546 85546 85546 85546 85546 85546 85546 85546 85546 85546 85546 85546 85546 85546 85546 85546 151339
151339 85546 85546 85546 85546 85546 85546 85546 85546 85546 85546 85546 85546 85546 85546 85546 85546 85546 85546 85547 807469 5011777 10399848 9939297 4682554 1332263 2778182 7904650 12966093 15201004 14806503 12506055 9416862 6524536 4552541 3238732 2450497 2056252 2056253 2384962 3238733 4552542 6524536 9351326 12506056 14740966 15201260 13031630 7970443 2843973 1397798 4682555 9939298 10399848 5011777 807468 85547 85546 85546 85546 85546 85546 85546 85546 85546 85546 85546 85546 85546 85546 85546 85546 85546 85546 85546 151339
151339 85546 85546 85546 85546 85546 85546 85546 85546 85546 85546 85546 85546 85546 85546 85546 85546 85546 85545 151081 85801 216874 2252334 7245649 10991210 9217114 4748346 1529129 1661235 4750176 9087898 12505800 14674916 15661041 15595249 15266283 14674660 14214623 14149086 14609124 15200748 15595249 15660785 14674916 12571337 9087898 4815712 1726772 1529129 4748345 9151578 10991211 7245650 2252334 216874 85801 151081 85546 85546 85546 85546 85546 85546 85546 85546 85546 85546 85546 85546 85546 85546 85546 85546 85546 85546 151339
151339 85546 85546 85546 85546 85546 85546 85546 85546 85546 85546 85546 85546 85546 85546 85546 85546 85546 85546 85547 85802 151081 151081 544553 3106358 7771224 10859371 10005345 6522697 3302705 1463336 1529649 3041096 5012834 6919037 8561811 9744801 10336424 10270631 9744801 8627348 6919038 5012579 3041095 1529394 1528872 3367985 6588234 10070882 10924906 7705687 3106358 610089 151080 85545 85803 85547 85546 85546 85546 85546 85546 85546 85546 85546 85546 85546 85546 85546 85546 85546 85546 85546 85546 85546 151339
151339 85546 85546 85546 85546 85546 85546 85546 85546 85546 85546 85546 85546 85546 85546 85546 85546 85546 85546 85547 85545 85801 85547 85547 216617 544810 2449714 6259785 9873248 10991210 10005602 7836753 5470783 3631413 2448943 1857579 1529385 1463335 1463335 1594666 1857579 2514479 3631414 5470783 7902289 10005602 10990954 9872993 6259786 2449714 610346 151081 85547 85547 85801 85545 85547 85546 85546 85546 85546 85546 85546 85546 85546 85546 85546 85546 85546 85546 85546 85546 85546 85546 85546 151339
151339 85546 85546 85546 85546 85546 85546 85546 85546 85546 85546 85546 85546 85546 85546 85546 85546 85546 85546 85800 20267 85548 85546 85802 85803 216618 85546 216616 1004844 3041078 5931077 8559190 10333542 11121769 11056232 10793575 10399077 10201956 10201956 10464870 10793575 11121768 11121769 10268006 8624726 5931077 2975542 1004844 216617 85546 216618 85803 85802 85546 85547 20267 85800 85546 85546 85546 85546 85546 85546 85546 85546 85546 85546 85546 85546 85546 85546 85546 85546 85546 85546 151339
151339 85546 85546 85546 85546 85546 85546 85546 85546 85546 85546 85546 85546 85546 85546 85546 85546 85546 85546 85546 85546 85546 85546 85546 85546 85546 85546 85546 151081 151082 151340 545067 1398316 2318129 3303993 4223805 4945984 5274691 5274691 4946240 4289341 3303993 2318129 1332780 610347 151084 151082 151081 85546 85546 85546 85546 85546 85546 85546 85546 85546 85546 85546 85546 85546 85546 85546 85546 85546 85546 85546 85546 85546 85546 85546 85546 85546 85546 85546 151339
151339 85546 85546 85546 85546 85546 85546 85546 85546 85546 85546 85546 85546 85546 85546 85546 85546 85546 85546 85546 85546 85546 85546 85546 85546 85546 85546 85546 151082 85547 85546 151081 151080 85802 85546 151081 151081 151082 151082 151081 151081 85546 85802 151080 151081 85546 151082 151082 85546 85546 85546 85546 85546 85546 85546 85546 85546 85546 85546 85546 85546 85546 85546 85546 85546 85546 85546 85546 85546 85546 85546 85546 85546 85546 85546 151339
151339 85546 85546 85546 85546 85546 85546 85546 85546 85546 85546 85546 85546 85546 85546 85546 85546 85546 85546 85546 85546 85546 85546 85546 85546 85546 85546 85546 85802 20265 85545 85546 85548 85547 151082 151082 151082 151082 151082 151082 151082 151082 85547 85548 85546 85801 20265 85802 85546 85546 85546 85546 85546 85546 85546 85546 85546 85546 85546 85546 85546 85546 85546 85546 85546 85546 85546 85546 85546 85546 85546 85546 85546 85546 85546 151339
151339 85546 85546 85546 85546 85546 85546 85546 85546 85546 85546 85546 85546 85546 85546 85546 85546 85546 85546 85546 85546 85546 85546 85546 85546 85546 85546 85546 85545 85800 85545 85546 85545 85545 85546 85803 85803 85547 85803 85803 85803 85546 85545 151081 85546 85801 85800 151081 85546 85546 85546 85546 85546 85546 85546 85546 85546 85546 85546 85546 85546 85546 85546 85546 85546 85546 85546 85546 85546 85546 85546 85546 85546 85546 85546 151339
151339 85546 85546 85546 85546 85546 85546 85546 85546 85546 85546 85546 85546 85546 85546 85546 85546 85546 85546 85546 85546 85546 85546 85546 85546 85546 85546 85546 85546 85546 85546 85546 85546 85546 85546 85546 85546 151082 151082 85546 85546 85546 85546 85546 85546 85546 85546 151082 85546 85546 85546 85546 85546 85546 85546 85546 85546 85546 85546 85546 85546 85546 85546 85546 85546 85546 85546 85546 85546 85546 85546 85546 85546 85546 85546 151339
151339 85546 85546 85546 85546 85546 85546 85546 85546 85546 85546 85546 85546 85546 85546 85546 85546 85546 85546 85546 85546 85546 85546 85546 85546 85546 85546 85546 85546 85546 85546 85546 85546 85546 85546 85546 85546 85546 85546 85546 85546 85546 85546 85546 85546 85546 85546 85546 85546 85546 85546 85546 85546 85546 85546 85546 85546 85546 85546 85546 85546 85546 85546 85546 85546 85546 85546 85546 85546 85546 85546 85546 85546 85546 85546 151339
151339 85546 85546 85546 85546 85546 85546 85546 85546 85546 85546 85546 85546 85546 85546 85546 85546 85546 85546 85546 85546 85546 85546 85546 85546 85546 85546 85546 85546 85546 85546 85546 85546 85546 85546 85546 85546 85546 85546 85546 85546 85546 85546 85546 85546 85546 85546 85546 85546 85546 85546 85546 85546 85546 85546 85546 85546 85546 85546 85546 85546 85546 85546 85546 85546 85546 85546 85546 85546 85546 85546 85546 85546 85546 85546 151339
151339 85546 85546 85546 85546 85546 85546 85546 85546 85546 85546 85546 85546 85546 85546 85546 85546 85546 85546 85546 85546 85546 85546 85546 85546 85546 85546 85546 85546 85546 85546 85546 85546 85546 85546 85546 85546 85546 85546 85546 85546 85546 85546 85546 85546 85546 85546 85546 85546 85546 85546 85546 85546 85546 85546 85546 85546 85546 85546 85546 85546 85546 85546 85546 85546 85546 85546 85546 85546 85546 85546 85546 85546 85546 85546 151339
151339 85546 85546 85546 85546 85546 85546 85546 85546 85546 85546 85546 85546 85546 85546 85546 85546 85546 85546 85546 85546 85546 85546 85546 85546 85546 85546 85546 85546 85546 85546 85546 85546 85546 85546 85546 85546 85546 85546 85546 85546 85546 85546 85546 85546 85546 85546 85546 85546 85546 85546 85546 85546 85546 85546 85546 85546 85546 85546 85546 85546 85546 85546 85546 85546 85546 85546 85546 85546 85546 85546 85546 85546 85546 85546 151339
